# Created by Octave 4.0.0-rc3, Wed Jun 03 11:09:43 2015 MDT <josiah@josiah-sim>
# name: hen
# type: matrix
# rows: 1000
# columns: 2
 0.6777800565923178 0.1893782444991193
 0.4136733461897362 0.6777800565923178
 0.9637581246907567 0.4136733461897362
 -0.1762596082135009 0.9637581246907567
 1.245633008124619 -0.1762596082135009
 -1.225120109765474 1.245633008124619
 -0.7275970942550867 -1.225120109765474
 -0.1086925771254656 -0.7275970942550867
 0.7651811648724286 -0.1086925771254656
 0.1476891257566229 0.7651811648724286
 1.199017440448271 0.1476891257566229
 -0.9683932137717844 1.199017440448271
 0.04680564906353829 -0.9683932137717844
 0.7064149595705019 0.04680564906353829
 0.31541076157207 0.7064149595705019
 1.072646959949488 0.31541076157207
 -0.5161768724928092 1.072646959949488
 0.9487800988098056 -0.5161768724928092
 -0.4151102080044051 0.9487800988098056
 1.043390950937697 -0.4151102080044051
 -0.6486636094994621 1.043390950937697
 0.7239470156768902 -0.6486636094994621
 0.07166192303969565 0.7239470156768902
 1.209994501003821 0.07166192303969565
 -1.028222792531371 1.209994501003821
 -0.1171406052122679 -1.028222792531371
 0.6723224722952938 -0.1171406052122679
 0.332033308981761 0.6723224722952938
 1.04735217610586 0.332033308981761
 -0.4361152204166227 1.04735217610586
 1.047930573161103 -0.4361152204166227
 -0.6682564467570473 1.047930573161103
 0.6891858218630347 -0.6682564467570473
 0.1345551300930486 0.6891858218630347
 1.18140863031081 0.1345551300930486
 -0.9136503534540958 1.18140863031081
 0.1857628333797312 -0.9136503534540958
 0.6775939315923993 0.1857628333797312
 0.4129418994307361 0.6775939315923993
 0.9645487622500699 0.4129418994307361
 -0.1786134708321777 0.9645487622500699
 1.244700747927217 -0.1786134708321777
 -1.222575973896455 1.244700747927217
 -0.7191585923502466 -1.222575973896455
 -0.09083750550059982 -0.7191585923502466
 0.772700388927126 -0.09083750550059982
 0.1368565008824357 0.772700388927126
 1.20558853411084 0.1368565008824357
 -0.993764248746603 1.20558853411084
 -0.02091777468840805 -0.993764248746603
 0.7012581507589382 -0.02091777468840805
 0.3052564759852938 0.7012581507589382
 1.079923322644337 0.3052564759852938
 -0.5411511931120712 1.079923322644337
 0.9139945374640358 -0.5411511931120712
 -0.3318857782533566 0.9139945374640358
 1.11999092350964 -0.3318857782533566
 -0.8556972697175733 1.11999092350964
 0.310892332689939 -0.8556972697175733
 0.6079751595491796 0.310892332689939
 0.5757803873265912 0.6079751595491796
 0.7182602716628108 0.5757803873265912
 0.4504771712091887 0.7182602716628108
 0.9313765270059575 0.4504771712091887
 -0.079303977717994 0.9313765270059575
 1.270608188867133 -0.079303977717994
 -1.2840144307781 1.270608188867133
 -0.9269878251648302 -1.2840144307781
 -0.5882333284387806 -0.9269878251648302
 0.2374778242899181 -0.5882333284387806
 0.7445759976271034 0.2374778242899181
 0.2950925645476208 0.7445759976271034
 1.101461328976322 0.2950925645476208
 -0.6099761135581147 1.101461328976322
 0.80953919593685 -0.6099761135581147
 -0.1004880277287487 0.80953919593685
 1.228724777577516 -0.1004880277287487
 -1.143816818964707 1.228724777577516
 -0.4630262482119019 -1.143816818964707
 0.3567043251641223 -0.4630262482119019
 0.6829589597093209 0.3567043251641223
 0.4540051806431038 0.6829589597093209
 0.916318702241708 0.4540051806431038
 -0.03929439551616773 0.916318702241708
 1.272733941345939 -0.03929439551616773
 -1.279580678290405 1.272733941345939
 -0.9104372147520046 -1.279580678290405
 -0.5443284942946643 -0.9104372147520046
 0.3120579219928636 -0.5443284942946643
 0.7003692463616948 0.3120579219928636
 0.4068934628489114 0.7003692463616948
 0.9783235677556587 0.4068934628489114
 -0.2178957656619517 0.9783235677556587
 1.227027079755926 -0.2178957656619517
 -1.173202365934684 1.227027079755926
 -0.5588571840818575 -1.173202365934684
 0.2107893971397306 -0.5588571840818575
 0.7701378068502992 0.2107893971397306
 0.2328796809856549 0.7701378068502992
 1.155115217912717 0.2328796809856549
 -0.7981437290192649 1.155115217912717
 0.4546877883319264 -0.7981437290192649
 0.4711195024927704 0.4546877883319264
 0.8256713166189281 0.4711195024927704
 0.1869094784257032 0.8256713166189281
 1.198792180610163 0.1869094784257032
 -0.9558709256811857 1.198792180610163
 0.08047273699539942 -0.9558709256811857
 0.7041725163363013 0.08047273699539942
 0.329939315229862 0.7041725163363013
 1.0588478224728 0.329939315229862
 -0.4706404010485874 1.0588478224728
 1.007551004802995 -0.4706404010485874
 -0.5624147585059102 1.007551004802995
 0.8594307966215327 -0.5624147585059102
 -0.2027942394059042 0.8594307966215327
 1.200253534035753 -0.2027942394059042
 -1.077690236173211 1.200253534035753
 -0.2659066829895746 -1.077690236173211
 0.5777040194661112 -0.2659066829895746
 0.4529892873529064 0.5777040194661112
 0.8860321936007418 0.4529892873529064
 0.0368225188701527 0.8860321936007418
 1.263911401025903 0.0368225188701527
 -1.225414085839518 1.263911401025903
 -0.7231221341756917 -1.225414085839518
 -0.09969209506058535 -0.7231221341756917
 0.7691494404026962 -0.09969209506058535
 0.1418651651413315 0.7691494404026962
 1.202568817008001 0.1418651651413315
 -0.9820809139536316 1.202568817008001
 0.01049455492959961 -0.9820809139536316
 0.7052215358574719 0.01049455492959961
 0.3068759859868397 0.7052215358574719
 1.079724441671688 0.3068759859868397
 -0.5400640221244831 1.079724441671688
 0.9155805253109226 -0.5400640221244831
 -0.3356219842974197 0.9155805253109226
 1.116975194712044 -0.3356219842974197
 -0.847373615132039 1.116975194712044
 0.3298336973428959 -0.847373615132039
 0.5934815403963491 0.3298336973428959
 0.605841634895156 0.5934815403963491
 0.6641827409174952 0.605841634895156
 0.5641582918027997 0.6641827409174952
 0.7536704127814544 0.5641582918027997
 0.374020759997805 0.7536704127814544
 1.030252983361367 0.374020759997805
 -0.3737834656156528 1.030252983361367
 1.113476184173703 -0.3737834656156528
 -0.8478959374955377 1.113476184173703
 0.3275443261020994 -0.8478959374955377
 0.595431818964989 0.3275443261020994
 0.6019086263802923 0.595431818964989
 0.6714179533740823 0.6019086263802923
 0.5494496925558299 0.6714179533740823
 0.7787724355026503 0.5494496925558299
 0.3157537989485275 0.7787724355026503
 1.094051084480197 0.3157537989485275
 -0.5810007459486555 1.094051084480197
 0.8556287118340073 -0.5810007459486555
 -0.1992409133052085 0.8556287118340073
 1.201112895401631 -0.1992409133052085
 -1.079513336491688 1.201112895401631
 -0.2711547925082929 -1.079513336491688
 0.5732111089521921 -0.2711547925082929
 0.4586541966508296 0.5732111089521921
 0.8774541917380727 0.4586541966508296
 0.05970005695704872 0.8774541917380727
 1.258246522000477 0.05970005695704872
 -1.198548017089701 1.258246522000477
 -0.6336503323773719 -1.198548017089701
 0.07831775366235444 -0.6336503323773719
 0.8013177615325843 0.07831775366235444
 0.1245411091720781 0.8013177615325843
 1.218680645436439 0.1245411091720781
 -1.041893189034303 1.218680645436439
 -0.1541537906675655 -1.041893189034303
 0.6541632956416576 -0.1541537906675655
 0.3546523984890738 0.6541632956416576
 1.020159335436823 0.3546523984890738
 -0.3506193780037395 1.020159335436823
 1.133940273106626 -0.3506193780037395
 -0.9053345735635037 1.133940273106626
 0.1926991158068125 -0.9053345735635037
 0.6764134990051306 0.1926991158068125
 0.4172604244511344 0.6764134990051306
 0.959175283163142 0.4172604244511344
 -0.162845986028191 0.959175283163142
 1.250626243717251 -0.162845986028191
 -1.238546197872507 1.250626243717251
 -0.7724074848550464 -1.238546197872507
 -0.2068225110858904 -0.7724074848550464
 0.7083919830148636 -0.2068225110858904
 0.2354063644346097 0.7083919830148636
 1.134934975921611 0.2354063644346097
 -0.732686450067879 1.134934975921611
 0.5889192850181844 -0.732686450067879
 0.294637771006775 0.5889192850181844
 1.055139802960078 0.294637771006775
 -0.4702566740048532 1.055139802960078
